|1|2|3|4|5|6|7|8|9|10|11|12|13|14|15|16|17|18|19|20|21|22|23|24
1|"Paul, Rand"|0|489413|215292|134392|5115.57|25953|5650|60215.3|13851.8|576.419|4200|2214.74|43517.4|2900|2378.2|30481.5|77794.4|52.9634|63034.9|7040.76|43167|0|6132.21|42856.7
2|"Cruz, Rafael Edward 'Ted'"|489413|0|1.84027e+06|1.53697e+06|143195|136813|1704.54|533493|191343|40592.4|10242.3|51046.9|15484.7|2163.3|118965|414039|178884|0|563047|75099.2|132716|957.883|2025|6285.4
3|"Carson, Benjamin S."|215292|1.84027e+06|0|756540|19175.6|41389.9|0|390275|66437.5|15969.2|3950|28171|19054.3|1350|14063.3|165011|132147|0|231565|33509.3|180206|909.091|0|4315.83
4|"Rubio, Marco"|134392|1.53697e+06|756540|0|381086|351776|3758.78|801935|61056.6|39776.1|20360.1|37636.6|41514.2|16076.8|59886|1.40114e+06|91235.4|0|532770|215721|706551|1444.44|1800|20931.2
5|"Graham, Lindsey O."|5115.57|143195|19175.6|381086|0|129716|408.333|57882.9|8401.84|7367.19|7295.57|7045.75|1226.77|387.766|7666.64|264183|10822.7|0|60801.4|37339.8|88935.8|0|500|0
6|"Clinton, Hillary Rodham"|25953|136813|41389.9|351776|129716|0|34031.9|51535|17633.3|8575|614051|19164.7|1.0693e+06|67778.7|4128.12|605195|48530.5|1836.14|12481.7|209642|353208|2700|60930.3|250
7|"Webb, James Henry Jr."|5650|1704.54|0|3758.78|408.333|34031.9|0|5362.5|0|0|2954.76|0|30137.4|0|0|2710.98|1436.21|0|3111.46|1350|14360.1|0|1491.77|2133.15
8|"Fiorina, Carly"|60215.3|533493|390275|801935|57882.9|51535|5362.5|0|10734.2|14882.9|0|17557.5|2992.3|460.986|25379.9|190223|42575.2|0|183006|76349.6|140045|4200|0|1671.81
9|"Huckabee, Mike"|13851.8|191343|66437.5|61056.6|8401.84|17633.3|0|10734.2|0|7196.1|0|2127.32|99.9512|1073.53|6258.99|34199.6|11480.1|0|8721.79|3478.61|7829.93|0|900|0
10|"Santorum, Richard J."|576.419|40592.4|15969.2|39776.1|7367.19|8575|0|14882.9|7196.1|0|0|5764.13|274.639|613.636|4976.52|8739.18|2924.37|0|3711.05|18242.5|8014.22|0|0|0
11|"O'Malley, Martin Joseph"|4200|10242.3|3950|20360.1|7295.57|614051|2954.76|0|0|0|0|0|77120.4|0|0|30054.7|3105.01|433.95|250|23447.3|9550.99|3429.73|10828.2|0
12|"Jindal, Bobby"|2214.74|51046.9|28171|37636.6|7045.75|19164.7|0|17557.5|2127.32|5764.13|0|0|4.38111|9.61538|11859.5|34833.4|1982.04|0|25381.3|2300.93|4991.04|0|0|77.7216
13|"Sanders, Bernard"|43517.4|15484.7|19054.3|41514.2|1226.77|1.0693e+06|30137.4|2992.3|99.9512|274.639|77120.4|4.38111|0|0|385|15725.2|30492.1|60194|1776.78|2208.72|77403.1|0|81693.4|6981.99
14|"Pataki, George E."|2900|2163.3|1350|16076.8|387.766|67778.7|0|460.986|1073.53|613.636|0|9.61538|0|0|0|19981.8|14.902|0|50|8951.17|10141|0|0|0
15|"Perry, James R. (Rick)"|2378.2|118965|14063.3|59886|7666.64|4128.12|0|25379.9|6258.99|4976.52|0|11859.5|385|0|0|58757.7|2467.23|0|14823.5|6515|4543.96|0|0|0
16|"Bush, Jeb"|30481.5|414039|165011|1.40114e+06|264183|605195|2710.98|190223|34199.6|8739.18|30054.7|34833.4|15725.2|19981.8|58757.7|0|43895.7|0|299659|231576|478810|1090.91|0|2421.91
17|"Trump, Donald J."|77794.4|178884|132147|91235.4|10822.7|48530.5|1436.21|42575.2|11480.1|2924.37|3105.01|1982.04|30492.1|14.902|2467.23|43895.7|0|0|26362|13218.5|24876.7|0|0|35.7143
18|"Stein, Jill"|52.9634|0|0|0|0|1836.14|0|0|0|0|433.95|0|60194|0|0|0|0|0|0|0|59.5074|0|381.358|1525.4
19|"Walker, Scott"|63034.9|563047|231565|532770|60801.4|12481.7|3111.46|183006|8721.79|3711.05|250|25381.3|1776.78|50|14823.5|299659|26362|0|0|53964.8|72719.9|0|0|1171.25
20|"Christie, Christopher J."|7040.76|75099.2|33509.3|215721|37339.8|209642|1350|76349.6|3478.61|18242.5|23447.3|2300.93|2208.72|8951.17|6515|231576|13218.5|0|53964.8|0|158205|2700|0|1973.68
21|"Kasich, John R."|43167|132716|180206|706551|88935.8|353208|14360.1|140045|7829.93|8014.22|9550.99|4991.04|77403.1|10141|4543.96|478810|24876.7|59.5074|72719.9|158205|0|1801.06|1024|8555.89
22|"Gilmore, James S IIII"|0|957.883|909.091|1444.44|0|2700|0|4200|0|0|3429.73|0|0|0|0|1090.91|0|0|0|2700|1801.06|0|0|0
23|"Lessig, Lawrence"|6132.21|2025|0|1800|500|60930.3|1491.77|0|900|0|10828.2|0|81693.4|0|0|0|0|381.358|0|0|1024|0|0|911.25
24|"Johnson, Gary"|42856.7|6285.4|4315.83|20931.2|0|250|2133.15|1671.81|0|0|0|77.7216|6981.99|0|0|2421.91|35.7143|1525.4|1171.25|1973.68|8555.89|0|911.25|0
